Size=1000: Mean=0.007469, Median=0.007406, Max=0.125105, Min=0.006353
Size=2000: Mean=0.013557, Median=0.013344, Max=0.173751, Min=0.010998
Size=3000: Mean=0.019267, Median=0.019071, Max=0.070411, Min=0.015528
Size=4000: Mean=0.024988, Median=0.024750, Max=0.095122, Min=0.020012
